function mpc = UKGDS95shunt
%%
% This is the case file for united kingdom genertic distribution system 95-bus system
% with non-zero line shunts
%
%
%   Data from ...
%       F. U. Nazir, B. C. Pal, and R. A. Jabr, “A two-stage chance constrained
%       volt/var control scheme for active distribution networks with nodal power
%       uncertainties," IEEE Transactions on Power Systems, vol. 34, no. 1,pp. 314C325, 2019.
%
% 
%
%   Also in ...
%       Lin H, Ul Nazir F, Pal BC, Guo Y. A linearized branch flow model considering
%       line shunts for radial distribution systems and its application in Volt/VAr control.
%       Journal of Modern Power System and Clean Energy 2023;11(4):1191C200. http://dx.doi.org/10.35833/MPCE.2022.000382.
%
%   Please cite these two papers if you use this m.file
%%

%% MATPOWER Case Format : Version 2
mpc.version = '2';

%%-----  Power Flow Data  -----%%
%% system MVA base
mpc.baseMVA = 10;

%% bus data
%	bus_i	type	Pd	Qd	Gs	Bs	area	Vm	Va	baseKV	zone	Vmax	Vmin
mpc.bus = [
1,3,0,0,0,0,1,1,0,12.6600000000000,1,1,1;2,1,0,0,0,0,1,1,0,12.6600000000000,1,1.10000000000000,0.900000000000000;3,1,4.54600000000000,0.647800000000000,0,0,1,1,0,12.6600000000000,1,1.10000000000000,0.900000000000000;4,1,0,0,0,0,1,1,0,12.6600000000000,1,1.10000000000000,0.900000000000000;5,1,13.4630000000000,3.54710000000000,0,0,1,1,0,12.6600000000000,1,1.10000000000000,0.900000000000000;6,1,0,0,0,0,1,1,0,12.6600000000000,1,1.10000000000000,0.900000000000000;7,1,16.4072000000000,4.73210000000000,0,0,1,1,0,12.6600000000000,1,1.10000000000000,0.900000000000000;8,1,0,0,0,0,1,1,0,12.6600000000000,1,1.10000000000000,0.900000000000000;9,1,0,0,0,0,1,1,0,12.6600000000000,1,1.10000000000000,0.900000000000000;10,1,0,0,0,0,1,1,0,12.6600000000000,1,1.10000000000000,0.900000000000000;11,1,1.51530000000000,0.215900000000000,0,0,1,1,0,12.6600000000000,1,1.10000000000000,0.900000000000000;12,1,1.51690000000000,0.216200000000000,0,0,1,1,0,12.6600000000000,1,1.10000000000000,0.900000000000000;13,1,0,0,0,0,1,1,0,12.6600000000000,1,1.10000000000000,0.900000000000000;14,1,7.17960000000000,1.45050000000000,0,0,1,1,0,12.6600000000000,1,1.10000000000000,0.900000000000000;15,1,0,0,0,0,1,1,0,12.6600000000000,1,1.10000000000000,0.900000000000000;16,1,5.94680000000000,1.66720000000000,0,0,1,1,0,12.6600000000000,1,1.10000000000000,0.900000000000000;17,1,0,0,0,0,1,1,0,12.6600000000000,1,1.10000000000000,0.900000000000000;18,1,120,2,0,0,1,1,0,12.6600000000000,1,1.10000000000000,0.900000000000000;19,1,58.0464000000000,11.7868000000000,0,0,1,1,0,12.6600000000000,1,1.10000000000000,0.900000000000000;20,1,10.2870000000000,3.38120000000000,0,0,1,1,0,12.6600000000000,1,1.10000000000000,0.900000000000000;21,1,0,0,0,0,1,1,0,12.6600000000000,1,1.10000000000000,0.900000000000000;22,1,9.10080000000000,1.29690000000000,0,0,1,1,0,12.6600000000000,1,1.10000000000000,0.900000000000000;23,1,9.95340000000000,2.42560000000000,0,0,1,1,0,12.6600000000000,1,1.10000000000000,0.900000000000000;24,1,24.4924000000000,5.67460000000000,0,0,1,1,0,12.6600000000000,1,1.10000000000000,0.900000000000000;25,1,0,0,0,0,1,1,0,12.6600000000000,1,1.10000000000000,0.900000000000000;26,1,27.5256000000000,9.54440000000000,0,0,1,1,0,12.6600000000000,1,1.10000000000000,0.900000000000000;27,1,0,0,0,0,1,1,0,12.6600000000000,1,1.10000000000000,0.900000000000000;28,1,10.2414000000000,3.33440000000000,0,0,1,1,0,12.6600000000000,1,1.10000000000000,0.900000000000000;29,1,0,0,0,0,1,1,0,12.6600000000000,1,1.10000000000000,0.900000000000000;30,1,0,0,0,0,1,1,0,12.6600000000000,1,1.10000000000000,0.900000000000000;31,1,12.8588000000000,4.22650000000000,0,0,1,1,0,12.6600000000000,1,1.10000000000000,0.900000000000000;32,1,27.3241000000000,8.40620000000000,0,0,1,1,0,12.6600000000000,1,1.10000000000000,0.900000000000000;33,1,7.57670000000000,1.07960000000000,0,0,1,1,0,12.6600000000000,1,1.10000000000000,0.900000000000000;34,1,9.95340000000000,2.42560000000000,0,0,1,1,0,12.6600000000000,1,1.10000000000000,0.900000000000000;35,1,0,0,0,0,1,1,0,12.6600000000000,1,1.10000000000000,0.900000000000000;36,1,25.3431000000000,6.22560000000000,0,0,1,1,0,12.6600000000000,1,1.10000000000000,0.900000000000000;37,1,12.5177000000000,4.24320000000000,0,0,1,1,0,12.6600000000000,1,1.10000000000000,0.900000000000000;38,1,5.14350000000000,1.69060000000000,0,0,1,1,0,12.6600000000000,1,1.10000000000000,0.900000000000000;39,1,7.71530000000000,2.53590000000000,0,0,1,1,0,12.6600000000000,1,1.10000000000000,0.900000000000000;40,1,0,0,0,0,1,1,0,12.6600000000000,1,1.10000000000000,0.900000000000000;41,1,0,0,0,0,1,1,0,12.6600000000000,1,1.10000000000000,0.900000000000000;42,1,12.2209000000000,2.69110000000000,0,0,1,1,0,12.6600000000000,1,1.10000000000000,0.900000000000000;43,1,20.4829000000000,6.66880000000000,0,0,1,1,0,12.6600000000000,1,1.10000000000000,0.900000000000000;44,1,0,0,0,0,1,1,0,12.6600000000000,1,1.10000000000000,0.900000000000000;45,1,0,0,0,0,1,1,0,12.6600000000000,1,1.10000000000000,0.900000000000000;46,1,0,0,0,0,1,1,0,12.6600000000000,1,1.10000000000000,0.900000000000000;47,1,4.54600000000000,0.647800000000000,0,0,1,1,0,12.6600000000000,1,1.10000000000000,0.900000000000000;48,1,0,0,0,0,1,1,0,12.6600000000000,1,1.10000000000000,0.900000000000000;49,1,9.31610000000000,3.10500000000000,0,0,1,1,0,12.6600000000000,1,1.10000000000000,0.900000000000000;50,1,0,0,0,0,1,1,0,12.6600000000000,1,1.10000000000000,0.900000000000000;51,1,12.2209000000000,2.69110000000000,0,0,1,1,0,12.6600000000000,1,1.10000000000000,0.900000000000000;52,1,28.2256000000000,10.8563000000000,0,0,1,1,0,12.6600000000000,1,1.10000000000000,0.900000000000000;53,1,0,0,0,0,1,1,0,12.6600000000000,1,1.10000000000000,0.900000000000000;54,1,9.95340000000000,2.22220000000000,0,0,1,1,0,12.6600000000000,1,1.10000000000000,0.900000000000000;55,1,0,0,0,0,1,1,0,12.6600000000000,1,1.10000000000000,0.900000000000000;56,1,2.42450000000000,0.345500000000000,0,0,1,1,0,12.6600000000000,1,1.10000000000000,0.900000000000000;57,1,2.72760000000000,0.388700000000000,0,0,1,1,0,12.6600000000000,1,1.10000000000000,0.900000000000000;58,1,5.14350000000000,1.69060000000000,0,0,1,1,0,12.6600000000000,1,1.10000000000000,0.900000000000000;59,1,0,0,0,0,1,1,0,12.6600000000000,1,1.10000000000000,0.900000000000000;60,1,4.54600000000000,0.647800000000000,0,0,1,1,0,12.6600000000000,1,1.10000000000000,0.900000000000000;61,1,4.54600000000000,0.647800000000000,0,0,1,1,0,12.6600000000000,1,1.10000000000000,0.900000000000000;62,1,12.5120000000000,5.63760000000000,0,0,1,1,0,12.6600000000000,1,1.10000000000000,0.900000000000000;63,1,0,0,0,0,1,1,0,12.6600000000000,1,1.10000000000000,0.900000000000000;64,1,9.43020000000000,2.41700000000000,0,0,1,1,0,12.6600000000000,1,1.10000000000000,0.900000000000000;65,1,9.09200000000000,1.29550000000000,0,0,1,1,0,12.6600000000000,1,1.10000000000000,0.900000000000000;66,1,15.8870000000000,5.68090000000000,0,0,1,1,0,12.6600000000000,1,1.10000000000000,0.900000000000000;67,1,0,0,0,0,1,1,0,12.6600000000000,1,1.10000000000000,0.900000000000000;68,1,10.6073000000000,1.51150000000000,0,0,1,1,0,12.6600000000000,1,1.10000000000000,0.900000000000000;69,1,4.24290000000000,0.604600000000000,0,0,1,1,0,12.6600000000000,1,1.10000000000000,0.900000000000000;70,1,0,0,0,0,1,1,0,12.6600000000000,1,1.10000000000000,0.900000000000000;71,1,0,0,0,0,1,1,0,12.6600000000000,1,1.10000000000000,0.900000000000000;72,1,0,0,0,0,1,1,0,12.6600000000000,1,1.10000000000000,0.900000000000000;73,1,3.93990000000000,0.561400000000000,0,0,1,1,0,12.6600000000000,1,1.10000000000000,0.900000000000000;74,1,35.4766000000000,10.8329000000000,0,0,1,1,0,12.6600000000000,1,1.10000000000000,0.900000000000000;75,1,3.03070000000000,0.431800000000000,0,0,1,1,0,12.6600000000000,1,1.10000000000000,0.900000000000000;76,1,0,0,0,0,1,1,0,12.6600000000000,1,1.10000000000000,0.900000000000000;77,1,1.51530000000000,0.215900000000000,0,0,1,1,0,12.6600000000000,1,1.10000000000000,0.900000000000000;78,1,3.63680000000000,0.518200000000000,0,0,1,1,0,12.6600000000000,